[*] Retrieved features for query image
Query: all_souls_1_query 
Good@[5, 10, 50, 100, 200, 400]: [1, 1, 1, 1, 1, 4] 
Ok@[5, 10, 50, 100, 200, 400]: [0, 0, 2, 2, 3, 4] 
Junk@[5, 10, 50, 100, 200, 400]: [0, 0, 0, 1, 4, 7] 
Precision@[5, 10, 50, 100, 200, 400]: [0.2, 0.1, 0.06, 0.04, 0.04, 0.0375] 
Recall@[5, 10, 50, 100, 200, 400]: [0.009009009009009009, 0.009009009009009009, 0.02702702702702703, 0.036036036036036036, 0.07207207207207207, 0.13513513513513514] 
F1@[5, 10, 50, 100, 200, 400]: [0.017241379310344827, 0.016528925619834708, 0.037267080745341616, 0.037914691943127965, 0.051446945337620585, 0.05870841487279843] 
AP@k (Average Precision): 0.03275478997844407 
Total Retrieved (k): 4999 
Total Positives: 111 
-------------------------------------------------------------------------------------------------------------
[*] Retrieved features for query image
Query: all_souls_2_query 
Good@[5, 10, 50, 100, 200, 400]: [1, 1, 1, 3, 3, 4] 
Ok@[5, 10, 50, 100, 200, 400]: [0, 0, 0, 0, 0, 3] 
Junk@[5, 10, 50, 100, 200, 400]: [0, 0, 0, 0, 0, 0] 
Precision@[5, 10, 50, 100, 200, 400]: [0.2, 0.1, 0.02, 0.03, 0.015, 0.0175] 
Recall@[5, 10, 50, 100, 200, 400]: [0.009009009009009009, 0.009009009009009009, 0.009009009009009009, 0.02702702702702703, 0.02702702702702703, 0.06306306306306306] 
F1@[5, 10, 50, 100, 200, 400]: [0.017241379310344827, 0.016528925619834708, 0.012422360248447204, 0.028436018957345974, 0.01929260450160772, 0.027397260273972605] 
AP@k (Average Precision): 0.03171185226236255 
Total Retrieved (k): 4984 
Total Positives: 111 
-------------------------------------------------------------------------------------------------------------
[*] Retrieved features for query image
Query: all_souls_3_query 
Good@[5, 10, 50, 100, 200, 400]: [1, 2, 4, 5, 6, 9] 
Ok@[5, 10, 50, 100, 200, 400]: [0, 1, 3, 6, 8, 10] 
Junk@[5, 10, 50, 100, 200, 400]: [0, 0, 0, 1, 2, 3] 
Precision@[5, 10, 50, 100, 200, 400]: [0.2, 0.3, 0.14, 0.12, 0.08, 0.055] 
Recall@[5, 10, 50, 100, 200, 400]: [0.009009009009009009, 0.02702702702702703, 0.06306306306306306, 0.10810810810810811, 0.14414414414414414, 0.1981981981981982] 
F1@[5, 10, 50, 100, 200, 400]: [0.017241379310344827, 0.049586776859504134, 0.08695652173913043, 0.1137440758293839, 0.10289389067524117, 0.08610567514677103] 
AP@k (Average Precision): 0.060705137068146287 
Total Retrieved (k): 4966 
Total Positives: 111 
-------------------------------------------------------------------------------------------------------------
[*] Retrieved features for query image
Query: ashmolean_1_query 
Good@[5, 10, 50, 100, 200, 400]: [1, 1, 2, 2, 5, 6] 
Ok@[5, 10, 50, 100, 200, 400]: [0, 0, 1, 1, 1, 3] 
Junk@[5, 10, 50, 100, 200, 400]: [0, 0, 0, 0, 0, 0] 
Precision@[5, 10, 50, 100, 200, 400]: [0.2, 0.1, 0.06, 0.03, 0.03, 0.0225] 
Recall@[5, 10, 50, 100, 200, 400]: [0.03225806451612903, 0.03225806451612903, 0.0967741935483871, 0.0967741935483871, 0.1935483870967742, 0.2903225806451613] 
F1@[5, 10, 50, 100, 200, 400]: [0.05555555555555555, 0.04878048780487805, 0.07407407407407407, 0.04580152671755725, 0.051948051948051945, 0.04176334106728538] 
AP@k (Average Precision): 0.05052123087191589 
Total Retrieved (k): 4963 
Total Positives: 31 
-------------------------------------------------------------------------------------------------------------
[*] Retrieved features for query image
Query: ashmolean_2_query 
Good@[5, 10, 50, 100, 200, 400]: [1, 1, 1, 2, 3, 4] 
Ok@[5, 10, 50, 100, 200, 400]: [0, 0, 1, 2, 2, 2] 
Junk@[5, 10, 50, 100, 200, 400]: [0, 0, 0, 0, 0, 0] 
Precision@[5, 10, 50, 100, 200, 400]: [0.2, 0.1, 0.04, 0.04, 0.025, 0.015] 
Recall@[5, 10, 50, 100, 200, 400]: [0.03225806451612903, 0.03225806451612903, 0.06451612903225806, 0.12903225806451613, 0.16129032258064516, 0.1935483870967742] 
F1@[5, 10, 50, 100, 200, 400]: [0.05555555555555555, 0.04878048780487805, 0.04938271604938271, 0.061068702290076333, 0.04329004329004329, 0.02784222737819025] 
AP@k (Average Precision): 0.04533254486397539 
Total Retrieved (k): 5003 
Total Positives: 31 
-------------------------------------------------------------------------------------------------------------
[*] Retrieved features for query image
Query: ashmolean_3_query 
Good@[5, 10, 50, 100, 200, 400]: [0, 0, 0, 0, 0, 3] 
Ok@[5, 10, 50, 100, 200, 400]: [1, 1, 2, 2, 2, 4] 
Junk@[5, 10, 50, 100, 200, 400]: [0, 0, 0, 0, 0, 0] 
Precision@[5, 10, 50, 100, 200, 400]: [0.2, 0.1, 0.04, 0.02, 0.01, 0.0175] 
Recall@[5, 10, 50, 100, 200, 400]: [0.03225806451612903, 0.03225806451612903, 0.06451612903225806, 0.06451612903225806, 0.06451612903225806, 0.22580645161290322] 
F1@[5, 10, 50, 100, 200, 400]: [0.05555555555555555, 0.04878048780487805, 0.04938271604938271, 0.030534351145038167, 0.017316017316017316, 0.03248259860788864] 
AP@k (Average Precision): 0.04845727999992612 
Total Retrieved (k): 4815 
Total Positives: 31 
-------------------------------------------------------------------------------------------------------------
[*] Retrieved features for query image
Query: balliol_1_query 
Good@[5, 10, 50, 100, 200, 400]: [1, 1, 1, 1, 2, 3] 
Ok@[5, 10, 50, 100, 200, 400]: [0, 0, 0, 0, 1, 2] 
Junk@[5, 10, 50, 100, 200, 400]: [0, 0, 0, 0, 0, 0] 
Precision@[5, 10, 50, 100, 200, 400]: [0.2, 0.1, 0.02, 0.01, 0.015, 0.0125] 
Recall@[5, 10, 50, 100, 200, 400]: [0.05555555555555555, 0.05555555555555555, 0.05555555555555555, 0.05555555555555555, 0.16666666666666666, 0.2777777777777778] 
F1@[5, 10, 50, 100, 200, 400]: [0.08695652173913045, 0.07142857142857142, 0.029411764705882353, 0.016949152542372885, 0.027522935779816512, 0.023923444976076555] 
AP@k (Average Precision): 0.06401769251631727 
Total Retrieved (k): 4816 
Total Positives: 18 
-------------------------------------------------------------------------------------------------------------
[*] Retrieved features for query image
Query: balliol_2_query 
Good@[5, 10, 50, 100, 200, 400]: [0, 1, 1, 1, 3, 3] 
Ok@[5, 10, 50, 100, 200, 400]: [1, 1, 1, 2, 2, 2] 
Junk@[5, 10, 50, 100, 200, 400]: [0, 0, 0, 0, 0, 0] 
Precision@[5, 10, 50, 100, 200, 400]: [0.2, 0.2, 0.04, 0.03, 0.025, 0.0125] 
Recall@[5, 10, 50, 100, 200, 400]: [0.05555555555555555, 0.1111111111111111, 0.1111111111111111, 0.16666666666666666, 0.2777777777777778, 0.2777777777777778] 
F1@[5, 10, 50, 100, 200, 400]: [0.08695652173913045, 0.14285714285714285, 0.058823529411764705, 0.05084745762711864, 0.04587155963302752, 0.023923444976076555] 
AP@k (Average Precision): 0.08395527790976635 
Total Retrieved (k): 4975 
Total Positives: 18 
-------------------------------------------------------------------------------------------------------------
[*] Retrieved features for query image
Query: balliol_3_query 
Good@[5, 10, 50, 100, 200, 400]: [0, 0, 0, 0, 0, 1] 
Ok@[5, 10, 50, 100, 200, 400]: [1, 1, 1, 1, 2, 2] 
Junk@[5, 10, 50, 100, 200, 400]: [0, 0, 0, 0, 0, 0] 
Precision@[5, 10, 50, 100, 200, 400]: [0.2, 0.1, 0.02, 0.01, 0.01, 0.0075] 
Recall@[5, 10, 50, 100, 200, 400]: [0.05555555555555555, 0.05555555555555555, 0.05555555555555555, 0.05555555555555555, 0.1111111111111111, 0.16666666666666666] 
F1@[5, 10, 50, 100, 200, 400]: [0.08695652173913045, 0.07142857142857142, 0.029411764705882353, 0.016949152542372885, 0.01834862385321101, 0.014354066985645932] 
AP@k (Average Precision): 0.06066024481320742 
Total Retrieved (k): 4500 
Total Positives: 18 
-------------------------------------------------------------------------------------------------------------
[*] Retrieved features for query image
Query: bodleian_1_query 
Good@[5, 10, 50, 100, 200, 400]: [1, 1, 3, 4, 4, 4] 
Ok@[5, 10, 50, 100, 200, 400]: [0, 0, 0, 2, 3, 5] 
Junk@[5, 10, 50, 100, 200, 400]: [0, 0, 1, 1, 1, 2] 
Precision@[5, 10, 50, 100, 200, 400]: [0.2, 0.1, 0.08, 0.07, 0.04, 0.0275] 
Recall@[5, 10, 50, 100, 200, 400]: [0.03333333333333333, 0.03333333333333333, 0.13333333333333333, 0.23333333333333334, 0.26666666666666666, 0.36666666666666664] 
F1@[5, 10, 50, 100, 200, 400]: [0.05714285714285715, 0.05, 0.1, 0.1076923076923077, 0.06956521739130435, 0.05116279069767442] 
AP@k (Average Precision): 0.06718190821564139 
Total Retrieved (k): 4674 
Total Positives: 30 
-------------------------------------------------------------------------------------------------------------
[*] Retrieved features for query image
Query: bodleian_2_query 
Good@[5, 10, 50, 100, 200, 400]: [1, 1, 1, 2, 3, 4] 
Ok@[5, 10, 50, 100, 200, 400]: [1, 1, 2, 2, 4, 5] 
Junk@[5, 10, 50, 100, 200, 400]: [0, 0, 0, 0, 1, 1] 
Precision@[5, 10, 50, 100, 200, 400]: [0.4, 0.2, 0.06, 0.04, 0.04, 0.025] 
Recall@[5, 10, 50, 100, 200, 400]: [0.06666666666666667, 0.06666666666666667, 0.1, 0.13333333333333333, 0.26666666666666666, 0.3333333333333333] 
F1@[5, 10, 50, 100, 200, 400]: [0.1142857142857143, 0.1, 0.075, 0.061538461538461535, 0.06956521739130435, 0.046511627906976744] 
AP@k (Average Precision): 0.07691150089149866 
Total Retrieved (k): 4519 
Total Positives: 30 
-------------------------------------------------------------------------------------------------------------
[*] Retrieved features for query image
Query: bodleian_3_query 
Good@[5, 10, 50, 100, 200, 400]: [2, 2, 2, 2, 4, 4] 
Ok@[5, 10, 50, 100, 200, 400]: [0, 0, 1, 1, 1, 2] 
Junk@[5, 10, 50, 100, 200, 400]: [0, 0, 0, 0, 0, 1] 
Precision@[5, 10, 50, 100, 200, 400]: [0.4, 0.2, 0.06, 0.03, 0.025, 0.0175] 
Recall@[5, 10, 50, 100, 200, 400]: [0.06666666666666667, 0.06666666666666667, 0.1, 0.1, 0.16666666666666666, 0.23333333333333334] 
F1@[5, 10, 50, 100, 200, 400]: [0.1142857142857143, 0.1, 0.075, 0.046153846153846156, 0.04347826086956522, 0.03255813953488372] 
AP@k (Average Precision): 0.08069076391105595 
Total Retrieved (k): 4649 
Total Positives: 30 
-------------------------------------------------------------------------------------------------------------
[*] Retrieved features for query image
Query: christ_church_1_query 
Good@[5, 10, 50, 100, 200, 400]: [1, 1, 5, 7, 9, 9] 
Ok@[5, 10, 50, 100, 200, 400]: [0, 0, 0, 1, 2, 4] 
Junk@[5, 10, 50, 100, 200, 400]: [0, 0, 2, 3, 7, 11] 
Precision@[5, 10, 50, 100, 200, 400]: [0.2, 0.1, 0.14, 0.11, 0.09, 0.06] 
Recall@[5, 10, 50, 100, 200, 400]: [0.007518796992481203, 0.007518796992481203, 0.05263157894736842, 0.08270676691729323, 0.13533834586466165, 0.18045112781954886] 
F1@[5, 10, 50, 100, 200, 400]: [0.014492753623188406, 0.013986013986013986, 0.07650273224043716, 0.0944206008583691, 0.10810810810810811, 0.0900562851782364] 
AP@k (Average Precision): 0.06294451217429811 
Total Retrieved (k): 5039 
Total Positives: 133 
-------------------------------------------------------------------------------------------------------------
[*] Retrieved features for query image
Query: christ_church_2_query 
Good@[5, 10, 50, 100, 200, 400]: [1, 2, 5, 8, 12, 15] 
Ok@[5, 10, 50, 100, 200, 400]: [0, 0, 1, 1, 2, 5] 
Junk@[5, 10, 50, 100, 200, 400]: [0, 0, 0, 1, 9, 10] 
Precision@[5, 10, 50, 100, 200, 400]: [0.2, 0.2, 0.12, 0.1, 0.115, 0.075] 
Recall@[5, 10, 50, 100, 200, 400]: [0.007518796992481203, 0.015037593984962405, 0.045112781954887216, 0.07518796992481203, 0.17293233082706766, 0.22556390977443608] 
F1@[5, 10, 50, 100, 200, 400]: [0.014492753623188406, 0.027972027972027972, 0.06557377049180328, 0.08583690987124463, 0.13813813813813816, 0.1125703564727955] 
AP@k (Average Precision): 0.07213840280471291 
Total Retrieved (k): 5042 
Total Positives: 133 
-------------------------------------------------------------------------------------------------------------
[*] Retrieved features for query image
Query: christ_church_3_query 
Good@[5, 10, 50, 100, 200, 400]: [1, 1, 2, 4, 6, 6] 
Ok@[5, 10, 50, 100, 200, 400]: [0, 0, 2, 2, 3, 6] 
Junk@[5, 10, 50, 100, 200, 400]: [0, 0, 0, 1, 2, 5] 
Precision@[5, 10, 50, 100, 200, 400]: [0.2, 0.1, 0.08, 0.07, 0.055, 0.0425] 
Recall@[5, 10, 50, 100, 200, 400]: [0.007518796992481203, 0.007518796992481203, 0.03007518796992481, 0.05263157894736842, 0.08270676691729323, 0.12781954887218044] 
F1@[5, 10, 50, 100, 200, 400]: [0.014492753623188406, 0.013986013986013986, 0.04371584699453552, 0.06008583690987125, 0.06606606606606608, 0.06378986866791746] 
AP@k (Average Precision): 0.04120247894579838 
Total Retrieved (k): 5037 
Total Positives: 133 
-------------------------------------------------------------------------------------------------------------
[*] Retrieved features for query image
Query: cornmarket_1_query 
Good@[5, 10, 50, 100, 200, 400]: [2, 2, 2, 3, 3, 4] 
Ok@[5, 10, 50, 100, 200, 400]: [0, 0, 0, 0, 0, 1] 
Junk@[5, 10, 50, 100, 200, 400]: [0, 0, 0, 0, 0, 0] 
Precision@[5, 10, 50, 100, 200, 400]: [0.4, 0.2, 0.04, 0.03, 0.015, 0.0125] 
Recall@[5, 10, 50, 100, 200, 400]: [0.15384615384615385, 0.15384615384615385, 0.15384615384615385, 0.23076923076923078, 0.23076923076923078, 0.38461538461538464] 
F1@[5, 10, 50, 100, 200, 400]: [0.2222222222222222, 0.17391304347826086, 0.0634920634920635, 0.05309734513274337, 0.02816901408450704, 0.024213075060532687] 
AP@k (Average Precision): 0.13629763531074465 
Total Retrieved (k): 3500 
Total Positives: 13 
-------------------------------------------------------------------------------------------------------------
[*] Retrieved features for query image
Query: cornmarket_2_query 
Good@[5, 10, 50, 100, 200, 400]: [0, 0, 1, 1, 3, 3] 
Ok@[5, 10, 50, 100, 200, 400]: [1, 1, 1, 1, 1, 1] 
Junk@[5, 10, 50, 100, 200, 400]: [0, 0, 0, 0, 0, 0] 
Precision@[5, 10, 50, 100, 200, 400]: [0.2, 0.1, 0.04, 0.02, 0.02, 0.01] 
Recall@[5, 10, 50, 100, 200, 400]: [0.07692307692307693, 0.07692307692307693, 0.15384615384615385, 0.15384615384615385, 0.3076923076923077, 0.3076923076923077] 
F1@[5, 10, 50, 100, 200, 400]: [0.1111111111111111, 0.08695652173913043, 0.0634920634920635, 0.03539823008849558, 0.03755868544600939, 0.01937046004842615] 
AP@k (Average Precision): 0.0891273145118168 
Total Retrieved (k): 3585 
Total Positives: 13 
-------------------------------------------------------------------------------------------------------------
[*] Retrieved features for query image
Query: cornmarket_3_query 
Good@[5, 10, 50, 100, 200, 400]: [1, 1, 3, 4, 4, 4] 
Ok@[5, 10, 50, 100, 200, 400]: [0, 0, 0, 0, 0, 0] 
Junk@[5, 10, 50, 100, 200, 400]: [0, 0, 0, 0, 0, 0] 
Precision@[5, 10, 50, 100, 200, 400]: [0.2, 0.1, 0.06, 0.04, 0.02, 0.01] 
Recall@[5, 10, 50, 100, 200, 400]: [0.07692307692307693, 0.07692307692307693, 0.23076923076923078, 0.3076923076923077, 0.3076923076923077, 0.3076923076923077] 
F1@[5, 10, 50, 100, 200, 400]: [0.1111111111111111, 0.08695652173913043, 0.09523809523809523, 0.07079646017699116, 0.03755868544600939, 0.01937046004842615] 
AP@k (Average Precision): 0.0979397155569952 
Total Retrieved (k): 3523 
Total Positives: 13 
-------------------------------------------------------------------------------------------------------------
[*] Retrieved features for query image
Query: hertford_1_query 
Good@[5, 10, 50, 100, 200, 400]: [1, 2, 3, 4, 7, 9] 
Ok@[5, 10, 50, 100, 200, 400]: [0, 0, 1, 1, 1, 2] 
Junk@[5, 10, 50, 100, 200, 400]: [0, 0, 0, 0, 0, 0] 
Precision@[5, 10, 50, 100, 200, 400]: [0.2, 0.2, 0.08, 0.05, 0.04, 0.0275] 
Recall@[5, 10, 50, 100, 200, 400]: [0.01639344262295082, 0.03278688524590164, 0.06557377049180328, 0.08196721311475409, 0.13114754098360656, 0.18032786885245902] 
F1@[5, 10, 50, 100, 200, 400]: [0.030303030303030307, 0.056338028169014086, 0.07207207207207207, 0.06211180124223603, 0.06130268199233716, 0.04772234273318872] 
AP@k (Average Precision): 0.044423505309456275 
Total Retrieved (k): 4670 
Total Positives: 61 
-------------------------------------------------------------------------------------------------------------
[*] Retrieved features for query image
Query: hertford_2_query 
Good@[5, 10, 50, 100, 200, 400]: [1, 1, 2, 3, 5, 10] 
Ok@[5, 10, 50, 100, 200, 400]: [1, 1, 1, 1, 3, 3] 
Junk@[5, 10, 50, 100, 200, 400]: [0, 0, 1, 1, 1, 2] 
Precision@[5, 10, 50, 100, 200, 400]: [0.4, 0.2, 0.08, 0.05, 0.045, 0.0375] 
Recall@[5, 10, 50, 100, 200, 400]: [0.03278688524590164, 0.03278688524590164, 0.06557377049180328, 0.08196721311475409, 0.14754098360655737, 0.2459016393442623] 
F1@[5, 10, 50, 100, 200, 400]: [0.060606060606060615, 0.056338028169014086, 0.07207207207207207, 0.06211180124223603, 0.06896551724137931, 0.06507592190889372] 
AP@k (Average Precision): 0.05883334695176268 
Total Retrieved (k): 4695 
Total Positives: 61 
-------------------------------------------------------------------------------------------------------------
[*] Retrieved features for query image
Query: hertford_3_query 
Good@[5, 10, 50, 100, 200, 400]: [2, 2, 2, 2, 3, 6] 
Ok@[5, 10, 50, 100, 200, 400]: [0, 0, 1, 2, 2, 5] 
Junk@[5, 10, 50, 100, 200, 400]: [0, 0, 0, 0, 0, 1] 
Precision@[5, 10, 50, 100, 200, 400]: [0.4, 0.2, 0.06, 0.04, 0.025, 0.03] 
Recall@[5, 10, 50, 100, 200, 400]: [0.03278688524590164, 0.03278688524590164, 0.04918032786885246, 0.06557377049180328, 0.08196721311475409, 0.19672131147540983] 
F1@[5, 10, 50, 100, 200, 400]: [0.060606060606060615, 0.056338028169014086, 0.05405405405405406, 0.04968944099378882, 0.03831417624521073, 0.052060737527114966] 
AP@k (Average Precision): 0.04790723929851527 
Total Retrieved (k): 4684 
Total Positives: 61 
-------------------------------------------------------------------------------------------------------------
[*] Retrieved features for query image
Query: keble_1_query 
Good@[5, 10, 50, 100, 200, 400]: [1, 1, 1, 2, 2, 2] 
Ok@[5, 10, 50, 100, 200, 400]: [0, 0, 0, 0, 0, 0] 
Junk@[5, 10, 50, 100, 200, 400]: [0, 0, 0, 0, 0, 0] 
Precision@[5, 10, 50, 100, 200, 400]: [0.2, 0.1, 0.02, 0.02, 0.01, 0.005] 
Recall@[5, 10, 50, 100, 200, 400]: [0.09090909090909091, 0.09090909090909091, 0.09090909090909091, 0.18181818181818182, 0.18181818181818182, 0.18181818181818182] 
F1@[5, 10, 50, 100, 200, 400]: [0.12500000000000003, 0.09523809523809525, 0.032786885245901634, 0.036036036036036036, 0.01895734597156398, 0.009732360097323601] 
AP@k (Average Precision): 0.09682510208480216 
Total Retrieved (k): 3777 
Total Positives: 11 
-------------------------------------------------------------------------------------------------------------
[*] Retrieved features for query image
Query: keble_2_query 
Good@[5, 10, 50, 100, 200, 400]: [1, 1, 2, 2, 2, 2] 
Ok@[5, 10, 50, 100, 200, 400]: [0, 0, 0, 0, 0, 0] 
Junk@[5, 10, 50, 100, 200, 400]: [0, 0, 0, 0, 0, 1] 
Precision@[5, 10, 50, 100, 200, 400]: [0.2, 0.1, 0.04, 0.02, 0.01, 0.0075] 
Recall@[5, 10, 50, 100, 200, 400]: [0.09090909090909091, 0.09090909090909091, 0.18181818181818182, 0.18181818181818182, 0.18181818181818182, 0.2727272727272727] 
F1@[5, 10, 50, 100, 200, 400]: [0.12500000000000003, 0.09523809523809525, 0.06557377049180327, 0.036036036036036036, 0.01895734597156398, 0.014598540145985401] 
AP@k (Average Precision): 0.1010623957084496 
Total Retrieved (k): 4158 
Total Positives: 11 
-------------------------------------------------------------------------------------------------------------
[*] Retrieved features for query image
Query: keble_3_query 
Good@[5, 10, 50, 100, 200, 400]: [1, 1, 2, 2, 3, 3] 
Ok@[5, 10, 50, 100, 200, 400]: [0, 0, 0, 0, 0, 0] 
Junk@[5, 10, 50, 100, 200, 400]: [0, 0, 0, 0, 0, 0] 
Precision@[5, 10, 50, 100, 200, 400]: [0.2, 0.1, 0.04, 0.02, 0.015, 0.0075] 
Recall@[5, 10, 50, 100, 200, 400]: [0.09090909090909091, 0.09090909090909091, 0.18181818181818182, 0.18181818181818182, 0.2727272727272727, 0.2727272727272727] 
F1@[5, 10, 50, 100, 200, 400]: [0.12500000000000003, 0.09523809523809525, 0.06557377049180327, 0.036036036036036036, 0.028436018957345967, 0.014598540145985401] 
AP@k (Average Precision): 0.0992681344189204 
Total Retrieved (k): 4277 
Total Positives: 11 
-------------------------------------------------------------------------------------------------------------
[*] Retrieved features for query image
Query: magdalen_1_query 
Good@[5, 10, 50, 100, 200, 400]: [1, 1, 1, 2, 2, 2] 
Ok@[5, 10, 50, 100, 200, 400]: [0, 0, 0, 0, 0, 2] 
Junk@[5, 10, 50, 100, 200, 400]: [0, 0, 1, 1, 2, 3] 
Precision@[5, 10, 50, 100, 200, 400]: [0.2, 0.1, 0.04, 0.03, 0.02, 0.0175] 
Recall@[5, 10, 50, 100, 200, 400]: [0.009708737864077669, 0.009708737864077669, 0.019417475728155338, 0.02912621359223301, 0.038834951456310676, 0.06796116504854369] 
F1@[5, 10, 50, 100, 200, 400]: [0.018518518518518517, 0.017699115044247787, 0.0261437908496732, 0.029556650246305417, 0.0264026402640264, 0.027833001988071572] 
AP@k (Average Precision): 0.027234546488032387 
Total Retrieved (k): 5032 
Total Positives: 103 
-------------------------------------------------------------------------------------------------------------
[*] Retrieved features for query image
Query: magdalen_2_query 
Good@[5, 10, 50, 100, 200, 400]: [0, 0, 0, 0, 1, 3] 
Ok@[5, 10, 50, 100, 200, 400]: [2, 2, 3, 4, 4, 7] 
Junk@[5, 10, 50, 100, 200, 400]: [0, 0, 0, 1, 3, 4] 
Precision@[5, 10, 50, 100, 200, 400]: [0.4, 0.2, 0.06, 0.05, 0.04, 0.035] 
Recall@[5, 10, 50, 100, 200, 400]: [0.019417475728155338, 0.019417475728155338, 0.02912621359223301, 0.04854368932038835, 0.07766990291262135, 0.13592233009708737] 
F1@[5, 10, 50, 100, 200, 400]: [0.037037037037037035, 0.035398230088495575, 0.0392156862745098, 0.049261083743842374, 0.0528052805280528, 0.055666003976143144] 
AP@k (Average Precision): 0.04271063204428174 
Total Retrieved (k): 4977 
Total Positives: 103 
-------------------------------------------------------------------------------------------------------------
[*] Retrieved features for query image
Query: magdalen_3_query 
Good@[5, 10, 50, 100, 200, 400]: [1, 1, 1, 1, 1, 2] 
Ok@[5, 10, 50, 100, 200, 400]: [0, 0, 0, 0, 0, 0] 
Junk@[5, 10, 50, 100, 200, 400]: [0, 0, 2, 2, 2, 5] 
Precision@[5, 10, 50, 100, 200, 400]: [0.2, 0.1, 0.06, 0.03, 0.015, 0.0175] 
Recall@[5, 10, 50, 100, 200, 400]: [0.009708737864077669, 0.009708737864077669, 0.02912621359223301, 0.02912621359223301, 0.02912621359223301, 0.06796116504854369] 
F1@[5, 10, 50, 100, 200, 400]: [0.018518518518518517, 0.017699115044247787, 0.0392156862745098, 0.029556650246305417, 0.019801980198019802, 0.027833001988071572] 
AP@k (Average Precision): 0.027077979931282446 
Total Retrieved (k): 5018 
Total Positives: 103 
-------------------------------------------------------------------------------------------------------------
[*] Retrieved features for query image
Query: pitt_rivers_1_query 
Good@[5, 10, 50, 100, 200, 400]: [1, 1, 1, 1, 1, 1] 
Ok@[5, 10, 50, 100, 200, 400]: [0, 0, 0, 0, 0, 0] 
Junk@[5, 10, 50, 100, 200, 400]: [0, 0, 0, 0, 0, 0] 
Precision@[5, 10, 50, 100, 200, 400]: [0.2, 0.1, 0.02, 0.01, 0.005, 0.0025] 
Recall@[5, 10, 50, 100, 200, 400]: [0.125, 0.125, 0.125, 0.125, 0.125, 0.125] 
F1@[5, 10, 50, 100, 200, 400]: [0.15384615384615385, 0.11111111111111112, 0.03448275862068966, 0.018518518518518517, 0.009615384615384616, 0.004901960784313725] 
AP@k (Average Precision): 0.1277345985704172 
Total Retrieved (k): 4545 
Total Positives: 8 
-------------------------------------------------------------------------------------------------------------
[*] Retrieved features for query image
Query: pitt_rivers_2_query 
Good@[5, 10, 50, 100, 200, 400]: [1, 1, 2, 2, 2, 2] 
Ok@[5, 10, 50, 100, 200, 400]: [0, 0, 0, 0, 0, 0] 
Junk@[5, 10, 50, 100, 200, 400]: [0, 0, 0, 0, 0, 0] 
Precision@[5, 10, 50, 100, 200, 400]: [0.2, 0.1, 0.04, 0.02, 0.01, 0.005] 
Recall@[5, 10, 50, 100, 200, 400]: [0.125, 0.125, 0.25, 0.25, 0.25, 0.25] 
F1@[5, 10, 50, 100, 200, 400]: [0.15384615384615385, 0.11111111111111112, 0.06896551724137932, 0.037037037037037035, 0.019230769230769232, 0.00980392156862745] 
AP@k (Average Precision): 0.133732147594806 
Total Retrieved (k): 3831 
Total Positives: 8 
-------------------------------------------------------------------------------------------------------------
[*] Retrieved features for query image
Query: pitt_rivers_3_query 
Good@[5, 10, 50, 100, 200, 400]: [1, 1, 1, 1, 1, 1] 
Ok@[5, 10, 50, 100, 200, 400]: [0, 0, 0, 0, 0, 0] 
Junk@[5, 10, 50, 100, 200, 400]: [0, 0, 0, 0, 0, 0] 
Precision@[5, 10, 50, 100, 200, 400]: [0.2, 0.1, 0.02, 0.01, 0.005, 0.0025] 
Recall@[5, 10, 50, 100, 200, 400]: [0.125, 0.125, 0.125, 0.125, 0.125, 0.125] 
F1@[5, 10, 50, 100, 200, 400]: [0.15384615384615385, 0.11111111111111112, 0.03448275862068966, 0.018518518518518517, 0.009615384615384616, 0.004901960784313725] 
AP@k (Average Precision): 0.1273264514589391 
Total Retrieved (k): 4240 
Total Positives: 8 
-------------------------------------------------------------------------------------------------------------
[*] Retrieved features for query image
Query: radcliffe_camera_1_query 
Good@[5, 10, 50, 100, 200, 400]: [3, 4, 6, 10, 19, 30] 
Ok@[5, 10, 50, 100, 200, 400]: [1, 1, 4, 6, 10, 15] 
Junk@[5, 10, 50, 100, 200, 400]: [0, 1, 3, 3, 5, 9] 
Precision@[5, 10, 50, 100, 200, 400]: [0.8, 0.6, 0.26, 0.19, 0.17, 0.135] 
Recall@[5, 10, 50, 100, 200, 400]: [0.011494252873563218, 0.017241379310344827, 0.03735632183908046, 0.05459770114942529, 0.09770114942528736, 0.15517241379310345] 
F1@[5, 10, 50, 100, 200, 400]: [0.022662889518413595, 0.0335195530726257, 0.06532663316582916, 0.08482142857142858, 0.12408759124087593, 0.14438502673796794] 
AP@k (Average Precision): 0.1166670249407304 
Total Retrieved (k): 4985 
Total Positives: 348 
-------------------------------------------------------------------------------------------------------------
[*] Retrieved features for query image
Query: radcliffe_camera_2_query 
Good@[5, 10, 50, 100, 200, 400]: [1, 1, 3, 6, 8, 13] 
Ok@[5, 10, 50, 100, 200, 400]: [0, 0, 1, 1, 2, 10] 
Junk@[5, 10, 50, 100, 200, 400]: [0, 0, 1, 1, 3, 4] 
Precision@[5, 10, 50, 100, 200, 400]: [0.2, 0.1, 0.1, 0.08, 0.065, 0.0675] 
Recall@[5, 10, 50, 100, 200, 400]: [0.0028735632183908046, 0.0028735632183908046, 0.014367816091954023, 0.022988505747126436, 0.03735632183908046, 0.07758620689655173] 
F1@[5, 10, 50, 100, 200, 400]: [0.005665722379603399, 0.00558659217877095, 0.025125628140703515, 0.03571428571428571, 0.04744525547445256, 0.07219251336898397] 
AP@k (Average Precision): 0.07773471897242927 
Total Retrieved (k): 4978 
Total Positives: 348 
-------------------------------------------------------------------------------------------------------------
[*] Retrieved features for query image
Query: radcliffe_camera_3_query 
Good@[5, 10, 50, 100, 200, 400]: [2, 2, 12, 18, 27, 42] 
Ok@[5, 10, 50, 100, 200, 400]: [1, 1, 6, 13, 21, 31] 
Junk@[5, 10, 50, 100, 200, 400]: [0, 0, 0, 0, 2, 17] 
Precision@[5, 10, 50, 100, 200, 400]: [0.6, 0.3, 0.36, 0.31, 0.25, 0.225] 
Recall@[5, 10, 50, 100, 200, 400]: [0.008620689655172414, 0.008620689655172414, 0.05172413793103448, 0.08908045977011494, 0.14367816091954022, 0.25862068965517243] 
F1@[5, 10, 50, 100, 200, 400]: [0.0169971671388102, 0.01675977653631285, 0.09045226130653267, 0.13839285714285712, 0.18248175182481752, 0.24064171122994651] 
AP@k (Average Precision): 0.15305381386626793 
Total Retrieved (k): 5018 
Total Positives: 348 
-------------------------------------------------------------------------------------------------------------
*************************************************************************************************************
Total Queries: 33
Mean Average Precision (mAP): 0.07527702788623382 
Average Retrievals (k): 4620.424242424242 
Avg Good imgs retrieved@[5, 10, 50, 100, 200, 400]: [1.0303030303030303, 1.1818181818181819, 2.242424242424242, 3.212121212121212, 4.696969696969697, 6.606060606060606] 
Avg Ok imgs retrieved@[5, 10, 50, 100, 200, 400]: [0.30303030303030304, 0.3333333333333333, 1.0606060606060606, 1.6363636363636365, 2.4242424242424243, 4.121212121212121] 
Avg Junk imgs retrieved@[5, 10, 50, 100, 200, 400]: [0.0, 0.030303030303030304, 0.3333333333333333, 0.5151515151515151, 1.3333333333333333, 2.606060606060606] 
Avg Precision@[5, 10, 50, 100, 200, 400]: [0.2666666666666667, 0.15454545454545457, 0.07272727272727274, 0.05363636363636365, 0.04227272727272728, 0.033333333333333326] 
Avg Recall@[5, 10, 50, 100, 200, 400]: [0.047845490776483715, 0.050973761674234834, 0.08674950593254184, 0.11082417362743396, 0.1538385151965143, 0.2093609537956611] 
Avg F1@[5, 10, 50, 100, 200, 400]: [0.0715257826366031, 0.06312710926206161, 0.05668758923031846, 0.05274737301036947, 0.051592642110510116, 0.04812276008743958] 
Max Precision@[5, 10, 50, 100, 200, 400]: [0.8, 0.6, 0.26, 0.19, 0.17, 0.135] 
Max Recall@[5, 10, 50, 100, 200, 400]: [0.15384615384615385, 0.15384615384615385, 0.15384615384615385, 0.23076923076923078, 0.23076923076923078, 0.38461538461538464] 
Max F1@[5, 10, 50, 100, 200, 400]: [0.2222222222222222, 0.17391304347826086, 0.0634920634920635, 0.05309734513274337, 0.02816901408450704, 0.024213075060532687] 
Min Precision@[5, 10, 50, 100, 200, 400]: [0.2, 0.1, 0.02, 0.01, 0.005, 0.0025] 
Min Recall@[5, 10, 50, 100, 200, 400]: [0.0028735632183908046, 0.0028735632183908046, 0.014367816091954023, 0.022988505747126436, 0.03735632183908046, 0.07758620689655173] 
Min F1@[5, 10, 50, 100, 200, 400]: [0.005665722379603399, 0.00558659217877095, 0.025125628140703515, 0.03571428571428571, 0.04744525547445256, 0.07219251336898397]
